-0.0176541
-0.0176218
-0.0175252
-0.0173647
-0.0171409
-0.0168548
-0.0165076
-0.0161008
-0.0156361
-0.0151154
-0.014541
-0.0139152
-0.0132408
-0.0125205
-0.0117574
-0.0109547
-0.0101157
-0.00924389
-0.00834297
-0.00741665
-0.00646876
-0.00550321
-0.00452395
-0.003535
-0.00254037
-0.00154409
-0.000550163
0.000437444
0.00141482
0.00237812
0.00332361
0.00424764
0.00514673
0.00601749
0.00685674
0.00766146
0.00842882
0.00915619
0.00984119
0.0104816
0.0110756
0.0116215
0.0121178
0.0125634
0.0129575
0.0132996
0.0135892
0.0138265
0.0140118
0.0141456
0.0142288
0.0142626
0.0142484
0.0141881
0.0140835
0.0139369
0.0137509
0.0135282
0.0132717
0.0129846
0.0126703
0.0123322
0.0119742
0.0115999
0.0112132
0.0108183
0.0104191
0.0100197
0.00962411
0.0092365
0.00886083
0.00850099
0.00816079
0.00784387
0.00755367
0.00729346
0.00706621
0.00687464
0.00672114
0.00660773
0.00653608
0.0065074
0.00652248
0.00658159
0.00668451
0.00683045
0.00701802
0.00724525
0.00750949
0.00780745
0.0081351
0.00848771
0.0088598
0.0092451
0.00963654
0.0100263
0.0104055
0.0107648
0.0110936
0.0113807
0.0116138
0.0117799
0.0118649
0.011854
0.0117312
0.0114799
0.0110824
0.0105202
0.00977363
0.00882249
0.00764547
0.00622042
0.00452434
0.00253336
0.00022278
-0.00243292
-0.00546006
-0.00888575
-0.0127379
-0.017045
-0.0218365
-0.0271424
-0.0329934
-0.0394207
-0.0464564
-0.054133
-0.0624836
-0.0715418
-0.0813417
-0.091918
-0.103306
-0.115541
-0.128658
-0.142695
-0.157687
-0.173673
-0.190688
-0.20877
-0.227958
-0.248289
-0.269801
-0.292532
-0.316522
-0.341808
-0.36843
-0.396426
-0.425834
-0.456695
-0.489048
-0.52293
-0.558381
-0.59544
-0.634147
-0.67454
-0.716659
-0.760541
-0.806227
-0.853755
-0.903164
-0.954493
-1.00778
-1.06307
-1.12039
-1.17978
-1.24129
-1.30495
-1.3708
-1.43888
-1.50923
-1.58188
-1.65687
-1.73425
-1.81405
-1.89631
-1.98106
-2.06835
-2.15821
-2.25069
-2.34582
-2.44364
-2.54418
-2.6475
-2.75362
-2.86259
-2.97444
-3.08922
-3.20697
-3.32772
-3.45152
-3.57841
-3.70842
-3.84161
-3.978
-4.11765
-4.2606
-4.40688
-4.55655
-4.70965
-4.86622
-5.02631
-5.18997
-5.35723
-5.52816
-5.70279
-5.88118
-6.06337
-6.24943
-6.43939
-6.63331
-6.83126
-7.03327
-7.23941
-7.44974
-7.66432
-7.8832
-8.10645
-8.33413
-8.56631
-8.80305
-9.04442
-9.2905
-9.54135
-9.79706
-10.0577
-10.3233
-10.5941
-10.87
-11.1511
-11.4377
-11.7296
-12.0272
-12.3303
-12.6392
-12.954
-13.2747
-13.6016
-13.9346
-14.274
-14.6198
-14.9723
-15.3315
-15.6976
-16.0708
-16.4512
-16.8391
-17.2345
-17.6377
-18.0488
-18.4682
-18.896
-19.3324
-19.7778
-20.2324
-20.6964
-21.1702
-21.6541
-22.1484
-22.6536
-23.1699
-23.6979
-24.238
-24.7907
-25.3566
-25.9361
-26.53
-27.1389
-27.7637
-28.4051
-29.0641
-29.7417
-30.4391
-31.1575
-31.8984
-32.6634
-33.4544
-34.2736
-35.1234
-36.0066
-36.9268
-37.8879
-38.8947
-39.9533
-41.0708
-42.2565
-43.5222
-44.8833
-46.3609
-47.9843
-49.7966
-51.8645
-54.3003
-57.3149
-61.3859
-68.0641
-97.8183
-68.5293
-63.1866
-60.2585
-58.3394
-56.9811
-55.9827
-55.2363
-54.6776
-54.265
-53.97
-53.7723
-53.6569
-53.6124
-53.6299
-53.7022
-53.8235
-53.9889
-54.1943
-54.4362
-54.7112
-55.0164
-55.349
-55.7063
-56.0856
-56.4841
-56.899
-57.3272
-57.7655
-58.2104
-58.6581
-59.1046
-59.5456
-59.9764
-60.3925
-60.7888
-61.1605
-61.5031
-61.8123
-62.0843
-62.3161
-62.5057
-62.652
-62.7549
-62.8155
-62.8359
-62.819
-62.7685
-62.6885
-62.5836
-62.4584
-62.3177
-62.1661
-62.0079
-61.8472
-61.6878
-61.5332
-61.3865
-61.2507
-61.1284
-61.0218
-60.9332
-60.8646
-60.8179
-60.7951
-60.7978
-60.8279
-60.8874
-60.9783
-61.1028
-61.2633
-61.4627
-61.7041
-61.9913
-62.3289
-62.7223
-63.1783
-63.7054
-64.3145
-65.0197
-65.8403
-66.803
-67.9466
-69.3302
-71.0514
-73.2879
-76.4201
-81.543
-96.4882
-85.2012
-78.0074
-74.0998
-71.4037
-69.3484
-67.6932
-66.3138
-65.1374
-64.1179
-63.2241
-62.4341
-61.7318
-61.1051
-60.5448
-60.0435
-59.5956
-59.1964
-58.8421
-58.5296
-58.2566
-58.0209
-57.821
-57.6555
-57.5235
-57.4242
-57.3571
-57.322
-57.3188
-57.3477
-57.4092
-57.5037
-57.6323
-57.7961
-57.9966
-58.2358
-58.5159
-58.8399
-59.2114
-59.6346
-60.1152
-60.6599
-61.2777
-61.9798
-62.7815
-63.7033
-64.7742
-66.0368
-67.5571
-69.4465
-71.9138
-75.4312
-81.5223
-114.62
-81.1297
-75.2097
-71.7381
-69.2852
-67.3978
-65.8731
-64.6026
-63.5216
-62.5881
-61.7737
-61.0582
-60.4265
-59.8674
-59.3722
-58.934
-58.5476
-58.2085
-57.9132
-57.6589
-57.4434
-57.2647
-57.1215
-57.0125
-56.9371
-56.8947
-56.8849
-56.9078
-56.9634
-57.0523
-57.1752
-57.3331
-57.5273
-57.7594
-58.0316
-58.3465
-58.7073
-59.1181
-59.5838
-60.1106
-60.7066
-61.3819
-62.15
-63.0289
-64.0439
-65.2309
-66.645
-68.3752
-70.5804
-73.5901
-78.2911
-89.4101
-85.3207
-76.9513
-72.7889
-70.0101
-67.9335
-66.2857
-64.9289
-63.7841
-62.8018
-61.9489
-61.2022
-60.5448
-59.9642
-59.4506
-58.9967
-58.5964
-58.2451
-57.9389
-57.6747
-57.4501
-57.2631
-57.1121
-56.9959
-56.9135
-56.8643
